1384
967
2154
2164
3154
3328
1099
2285
3882
3278
2235
1964
499
3836
2532
327
125
707
2133
2041
796
2537
3560
910
3959
1371
2351
612
564
1952
1226
1947
2919
3379
14
1976
2610
1113
164
2395
294
2398
262
792
2137
2794
1119
2261
3500
3251
206
199
1692
3765
1109
1554
1039
3459
2165
1602
1314
3390
3549
136
2673
3562
2111
1186
578
2274
3581
872
575
3842
1663
2712
2539
2781
876
1943
1936
1081
2141
3627
749
3249
1084
1788
2611
3248
3389
3925
2541
2841
4060
1117
2307
2075
2303
2884
252
1787
3755
827
1532
1322
3538
4071
6
317
1917
1941
1398
4057
1471
2146
3210
2554
3933
1724
1705
3226
1552
150
1970
1516
1266
180
3590
3568
3064
3841
1258
2722
571
2790
4043
12
2764
4049
329
584
1893
1726
544
3364
3871
3753
1821
3708
1381
3526
2837
2932
3675
710
351
844
890
3940
316
3953
3685
1573
2578
159
266
2525
171
3029
2477
499
3612
273
2224
60
3636
1998
3812
1361
1609
1096
790
349
4028
368
1059
282
1211
1948
126
1526
1804
3810
3099
285
3968
3364
2809
42
2297
1189
540
1812
1462
2763
1871
1001
665
1587
2361
2273
2682
3150
2622
2613
3517
3680
2895
632
1531
3020
2157
3334
2733
1159
3618
2604
427
2331
2646
2723
3519
3185
438
884
1852
2309
1885
2516
3895
149
692
2480
3299
3313
997
2719
2896
3891
3350
330
2814
1411
3663
1450
2569
3185
4053
2995
1419
2602
1621
841
1691
2059
1725
3542
271
3609
1961
69
3757
2652
2548
2959
1869
3544
1582
668
3338
835
998
2055
2245
564
3504
718
3748
3461
3712
1070
1966
1237
1911
3656
3295
3635
3101
3565
3147
965
3633
2807
3617
2084
1670
1389
1532
3251
2056
773
4085
3053
2828
2234
3617
2235
2951
3268
1599
2566
242
3565
3802
2152
3124
3000
1690
2129
2468
740
3093
2004
3546
2613
4088
1119
4001
1523
273
1961
2295
262
917
1026
2495
437
3261
1349
3705
763
3914
3946
231
3620
2001
3355
2523
3690
1387
895
333
383
2898
3878
2996
2889
901
2900
315
1173
764
2610
1434
1681
3635
3928
2117
2799
1180
1725
3562
998
1574
3792
521
3574
3050
3043
3167
340
3937
3499
723
2739
3281
3718
1531
85
2521
1846
1257
3285
359
2691
869
3993
2522
2985
2696
3702
614
2161
603
2187
1856
1123
1665
810
69
735
1149
4006
138
1871
2648
3418
1492
82
3502
4013
1927
662
3201
2285
3352
4069
2182
1778
2957
781
1383
3570
2941
1985
1661
700
3107
3325
1509
3175
4059
2658
3084
100
432
1635
3517
1924
1717
2922
1840
3643
3584
944
1832
2839
916
4013
520
3872
697
1902
3346
3637
3886
910
240
2896
138
1749
1975
100
310
962
200
741
2597
3716
2664
217
2542
407
3859
2029
1350
1594
771
2265
1510
1291
2041
2206
3192
1290
1746
2982
2199
1986
1781
2336
3734
3755
2435
4043
621
2634
687
3217
2254
3351
3433
699
3757
3195
2727
1011
693
3497
3275
2202
691
1219
312
3883
2508
2057
2768
610
4042
452
2945
3679
111
1284
3625
731
3917
216
3947
2074
3566
3283
2772
3226
2381
1402
140
3073
803
3415
1179
1493
537
1490
1279
3045
3546
4046
3654
3492
402
2503
3074
512
3786
2603
1242
3606
2818
1092
1584
2287
278
259
1416
2658
1661
1556
1635
2463
874
2813
3955
1410
206
1138
358
3751
1087
4012
3146
1488
2418
2124
1999
2107
630
3240
1616
3447
235
3199
1637
512
3458
3052
3170
1022
511
708
3484
1384
3520
3342
2794
3725
383
3151
3379
1470
3066
2429
2957
1387
456
860
3493
1085
3
1013
435
238
115
2071
749
3572
1026
3918
497
1537
529
3980
2920
4048
3226
1617
3676
3608
672
2959
981
3737
1291
3938
1028
1746
701
424
2830
703
1436
3264
940
1551
1238
1689
1026
2263
1510
1523
3799
2039
1406
2623
1990
535
143
1570
47
814
432
1027
455
1722
868
1482
3467
1568
1905
2200
2271
3341
1367
3210
795
2604
802
1820
770
2312
3342
473
254
652
3095
2243
1186
3237
3812
1232
4051
147
2259
409
1868
3126
1890
1238
598
3794
3437
2868
3038
707
1981
3832
3310
2783
1556
4080
998
801
456
1251
1452
3550
3493
2638
2690
3209
3869
2644
3355
2031
3052
1127
1061
845
2364
1658
543
1705
429
3580
2411
2409
3316
1625
1095
775
1608
2092
1575
2063
3342
3027
1516
2739
1568
109
1851
1340
2753
1109
3371
1708
2235
335
2553
503
1992
3095
2207
2420
2578
521
732
1797
2145
1827
2571
3752
3918
50
1718
3164
3076
3233
1806
547
3342
3656
1886
1998
668
1160
3705
2903
1494
2161
3405
3485
1159
1515
1808
3737
2035
2540
1437
84
270
4008
3835
91
4057
1457
3254
3036
593
963
3582
3934
522
1371
1835
1190
2531
1444
4092
4024
3604
3400
3413
667
818
1124
307
2852
3663
1743
2935
3932
1654
2674
4023
1614
34
3180
553
626
47
38
464
568
1409
2298
1757
3939
3741
1752
3866
3249
1055
3182
3915
1872
210
125
628
3872
1867
3562
3708
3521
2139
3634
1038
2172
2717
1591
2798
2763
1628
3261
3331
3036
1462
991
2878
1107
2743
2648
259
3797
1733
77
1573
1942
201
2200
1718
2067
1665
1329
1491
3804
866
2529
1879
3582
23
580
2249
1650
3840
1483
590
1206
2473
3467
2312
1119
2018
2570
820
3751
2646
2392
1596
2846
495
3313
816
2159
545
2307
1866
1410
739
3745
896
761
228
3144
2410
4068
530
2999
1177
3002
2370
3488
25
291
1961
844
4041
510
3235
1541
3355
3729
757
74
1791
1302
2380
3657
2711
3118
3305
3606
3878
3532
2653
2192
3503
3182
